[soe][Equalizer#0]
outputGain=-10

[soe][Equalizer#0#left]
band0Gain=9.860000000000001
band1Gain=8.3
band2Gain=8.180000000000001
band3Gain=7.0200000000000005
band4Gain=5.3500000000000005
band5Gain=3.630000000000001
band6Gain=2.7400000000000007

[soe][Equalizer#0#right]
band0Gain=9.860000000000001
band1Gain=8.3
band2Gain=8.180000000000001
band3Gain=7.0200000000000005
band4Gain=5.3500000000000005
band5Gain=3.630000000000001
band6Gain=2.7400000000000007
