[soe][Equalizer#0]
outputGain=-12.5

[soe][Equalizer#0#left]
band0Gain=9.81
band1Gain=9.46
band23Gain=1.5000000000000009
band24Gain=1.2900000000000007
band29Gain=0.3700000000000008
band2Gain=9.440000000000001
band30Gain=3.540000000000001
band31Gain=7.070000000000001
band3Gain=9.040000000000001
band4Gain=7.6000000000000005
band5Gain=3.520000000000001
band6Gain=0.9700000000000008

[soe][Equalizer#0#right]
band0Gain=9.81
band1Gain=9.46
band23Gain=1.5000000000000009
band24Gain=1.2900000000000007
band29Gain=0.3700000000000008
band2Gain=9.440000000000001
band30Gain=3.540000000000001
band31Gain=7.070000000000001
band3Gain=9.040000000000001
band4Gain=7.6000000000000005
band5Gain=3.520000000000001
band6Gain=0.9700000000000008
