[soe][Equalizer#0]
outputGain=-12.5

[soe][Equalizer#0#left]
band0Gain=9.81
band1Gain=9.46
band2Gain=9.440000000000001
band3Gain=9.040000000000001
band4Gain=7.6000000000000005
band5Gain=3.520000000000001
band6Gain=0.9700000000000008

[soe][Equalizer#0#right]
band0Gain=9.81
band1Gain=9.46
band2Gain=9.440000000000001
band3Gain=9.040000000000001
band4Gain=7.6000000000000005
band5Gain=3.520000000000001
band6Gain=0.9700000000000008
