[soe][Equalizer#0]
outputGain=-12.5

[soe][Equalizer#0#left]
band0Gain=9.81
band1Gain=9.46
band2Gain=9.440000000000001
band3Gain=9.040000000000001
band4Gain=7.800000000000001
band5Gain=5.550000000000001
band6Gain=2.7400000000000007

[soe][Equalizer#0#right]
band0Gain=9.81
band1Gain=9.46
band2Gain=9.440000000000001
band3Gain=9.040000000000001
band4Gain=7.800000000000001
band5Gain=5.550000000000001
band6Gain=2.7400000000000007
